2.331200000000000045e+02
1.502999999999999936e+01
8.378000000000000114e+01
2.285000000000000142e+01
2.004799999999999898e+02
3.742799999999999727e+02
2.039300000000000068e+02
3.721000000000000227e+02
2.282700000000000102e+02
3.122699999999999818e+02
2.743500000000000227e+02
7.906000000000000227e+01
2.638799999999999955e+02
2.139199999999999875e+02
1.838600000000000136e+02
1.810999999999999943e+02
1.349000000000000057e+02
3.572999999999999687e+01
3.460999999999999943e+01
2.405000000000000071e+01
7.459999999999999964e+00
3.320799999999999841e+02
8.273999999999999488e+01
2.550300000000000011e+02
5.621000000000000085e+01
4.389999999999999680e+00
3.339999999999999858e+00
5.467999999999999972e+01
5.659000000000000341e+01
2.282999999999999829e+01
7.279000000000000625e+01
3.407000000000000028e+01
6.919999999999999929e+00
4.334000000000000341e+01
2.476000000000000156e+01
3.430000000000000160e+00
1.025799999999999983e+02
1.506000000000000050e+01
4.780000000000000249e+00
1.233000000000000007e+01
3.540000000000000036e+00
3.428000000000000114e+01
6.440999999999999659e+01
1.225100000000000051e+02
7.879999999999999893e+00
3.819999999999999840e+00
2.389999999999999858e+01
2.114000000000000057e+01
7.396999999999999886e+01
3.000000000000000000e+01
7.514000000000000057e+01
3.166000000000000014e+01
1.550099999999999909e+02
3.857999999999999829e+01
1.766000000000000014e+01
3.603999999999999915e+01
4.660000000000000142e+00
4.190000000000000391e+00
4.330000000000000071e+00
1.450000000000000000e+01
2.751999999999999957e+01
5.464999999999999858e+01
1.484999999999999964e+01
6.484000000000000341e+01
1.237000000000000028e+02
7.269999999999999574e+00
5.530000000000000249e+00
4.889999999999999680e+00
2.930999999999999872e+01
1.220600000000000023e+02
2.810000000000000053e+00
1.325000000000000000e+01
3.418999999999999773e+01
9.717000000000000171e+01
5.353000000000000114e+01
1.031800000000000068e+02
5.342999999999999972e+01
7.231999999999999318e+01
9.243000000000000682e+01
2.214999999999999858e+01
3.382000000000000028e+01
5.475999999999999801e+01
4.563000000000000256e+01
3.330000000000000071e+00
1.428999999999999915e+01
1.735999999999999943e+01
3.620000000000000107e+00
3.339000000000000057e+01
2.720000000000000195e+00
2.290000000000000036e+00
2.273000000000000043e+01
5.268999999999999773e+01
5.179999999999999716e+01
6.357000000000000028e+01
8.679999999999999716e+00
1.251999999999999957e+01
2.291000000000000014e+01
4.171999999999999886e+01
3.182999999999999829e+01
1.028299999999999983e+02
4.030000000000000249e+00
1.679999999999999938e+00
2.071999999999999886e+01
1.326699999999999875e+02
8.257999999999999829e+01
2.540000000000000036e+00
5.360999999999999943e+01
2.870000000000000107e+00
1.350000000000000000e+01
5.321999999999999886e+01
1.959999999999999964e+00
7.189000000000000057e+01
2.970000000000000195e+00
3.850000000000000089e+00
2.319000000000000128e+01
3.439999999999999947e+00
2.479999999999999982e+00
9.314000000000000057e+01
4.809999999999999609e+00
2.509999999999999787e+00
2.364999999999999858e+01
2.850000000000000089e+00
8.284000000000000341e+01
7.445000000000000284e+01
9.217000000000000171e+01
1.023700000000000045e+02
5.220000000000000284e+01
1.352999999999999936e+01
3.049999999999999822e+00
4.059999999999999609e+00
3.330000000000000071e+00
5.321000000000000085e+01
4.120000000000000107e+00
2.250000000000000000e+01
4.331000000000000227e+01
5.390999999999999659e+01
5.213000000000000256e+01
4.370000000000000107e+00
4.089999999999999858e+00
3.729999999999999982e+00
3.140000000000000124e+00
3.282000000000000028e+01
3.192999999999999972e+01
2.214999999999999858e+01
3.285000000000000142e+01
8.276999999999999602e+01
1.319999999999999929e+01
2.278000000000000114e+01
3.270000000000000018e+00
1.535999999999999943e+01
2.337999999999999901e+01
2.280999999999999872e+01
4.342999999999999972e+01
2.283999999999999986e+01
2.242000000000000171e+01
3.459999999999999964e+00
4.311999999999999744e+01
2.423000000000000043e+01
1.325900000000000034e+02
3.303000000000000114e+01
1.282000000000000028e+01
2.669999999999999929e+00
1.206000000000000050e+01
1.230000000000000071e+01
1.316000000000000014e+01
2.700000000000000178e+00
3.049999999999999822e+00
5.267000000000000171e+01
2.364999999999999858e+01
5.190000000000000391e+00
3.520000000000000018e+00
2.248000000000000043e+01
4.335000000000000142e+01
4.263000000000000256e+01
4.281000000000000227e+01
1.072000000000000064e+01
1.369999999999999929e+01
3.189999999999999947e+00
4.428000000000000114e+01
5.509000000000000341e+01
9.650000000000000355e+00
6.900000000000000355e+00
4.139999999999999680e+00
3.242999999999999972e+01
3.270000000000000018e+00
3.560000000000000053e+00
1.241000000000000014e+01
2.549999999999999822e+00
2.520000000000000018e+00
3.520000000000000018e+00
3.919999999999999929e+00
4.059999999999999609e+00
6.929999999999999716e+00
4.328000000000000114e+01
3.332999999999999829e+01
4.467999999999999972e+01
1.366999999999999993e+01
4.500000000000000000e+01
4.219999999999999751e+00
4.450000000000000178e+00
5.396000000000000085e+01
7.365000000000000568e+01
5.411999999999999744e+01
5.439000000000000057e+01
3.357000000000000028e+01
5.436999999999999744e+01
3.890000000000000124e+00
4.200000000000000178e+00
5.442999999999999972e+01
4.599999999999999645e+00
4.410000000000000142e+00
3.850000000000000089e+00
3.590999999999999659e+01
3.389000000000000057e+01
2.979999999999999982e+00
1.532000000000000028e+01
6.446999999999999886e+01
3.460999999999999943e+01
1.476999999999999957e+01
2.428000000000000114e+01
4.209999999999999964e+00
1.448000000000000043e+01
4.504999999999999716e+01
1.700000000000000000e+01
3.324000000000000199e+01
4.450000000000000178e+00
4.559999999999999609e+00
5.490000000000000213e+00
4.849999999999999645e+00
3.799999999999999822e+00
3.359999999999999876e+00
2.899999999999999911e+00
4.719999999999999751e+00
3.356000000000000227e+01
3.443999999999999773e+01
3.540000000000000036e+00
2.435000000000000142e+01
2.607000000000000028e+01
6.451999999999999602e+01
3.410000000000000142e+01
7.368999999999999773e+01
4.580000000000000071e+00
1.014000000000000057e+01
2.260999999999999943e+01
1.458000000000000007e+01
6.410999999999999943e+01
8.501000000000000512e+01
4.040000000000000036e+00
3.770000000000000284e+01
1.433999999999999986e+01
2.635999999999999943e+01
3.709999999999999964e+00
1.468999999999999950e+01
6.669999999999999929e+00
6.160000000000000142e+00
2.930000000000000071e+01
2.453000000000000114e+01
1.246000000000000085e+01
3.580000000000000071e+00
3.919999999999999929e+00
4.219999999999999751e+00
3.009999999999999787e+00
1.346000000000000085e+01
2.709999999999999964e+00
4.330000000000000071e+00
2.839999999999999858e+00
3.520000000000000018e+00
3.640000000000000124e+00
8.334999999999999432e+01
5.265999999999999659e+01
2.285999999999999943e+01
2.770000000000000018e+00
4.150000000000000355e+00
1.402999999999999936e+01
4.030000000000000249e+00
2.276999999999999957e+01
3.100000000000000089e+00
5.257000000000000028e+01
7.210999999999999943e+01
6.229999999999999716e+01
2.290000000000000036e+00
3.009999999999999787e+00
3.450000000000000178e+00
2.979999999999999982e+00
2.339999999999999858e+00
4.799999999999999822e+00
2.750000000000000000e+00
2.959999999999999964e+00
2.266000000000000014e+01
4.440000000000000391e+00
2.910000000000000142e+00
3.549999999999999822e+00
2.496000000000000085e+01
4.228000000000000114e+01
3.317000000000000171e+01
2.689999999999999947e+00
3.140000000000000124e+00
2.140000000000000124e+00
2.479999999999999982e+00
5.285999999999999943e+01
5.318999999999999773e+01
8.212000000000000455e+01
1.755999999999999872e+01
4.227000000000000313e+01
4.350000000000000000e+01
1.350999999999999979e+01
3.000000000000000000e+00
2.262999999999999901e+01
1.473000000000000043e+01
7.454999999999999716e+01
6.306000000000000227e+01
3.209999999999999964e+00
1.325999999999999979e+01
3.419999999999999929e+00
3.209999999999999964e+00
2.450000000000000178e+00
1.210999999999999943e+01
4.371000000000000085e+01
1.380000000000000071e+01
6.243999999999999773e+01
6.347999999999999687e+01
1.138100000000000023e+02
6.219999999999999751e+00
1.321000000000000085e+01
5.343999999999999773e+01
1.039800000000000040e+02
2.339999999999999858e+01
5.790000000000000036e+00
1.530000000000000071e+01
1.566000000000000014e+01
4.300999999999999801e+01
1.131899999999999977e+02
4.040000000000000036e+00
3.560000000000000053e+00
6.919999999999999929e+00
3.910000000000000142e+00
5.129999999999999893e+00
3.810000000000000053e+00
3.180000000000000160e+00
6.385999999999999943e+01
4.990000000000000213e+00
3.372999999999999687e+01
2.350000000000000000e+01
1.724300000000000068e+02
3.589999999999999858e+00
1.339000000000000057e+01
6.306000000000000227e+01
6.317999999999999972e+01
1.227099999999999937e+02
4.375000000000000000e+01
1.546000000000000085e+01
4.759999999999999787e+00
1.389000000000000057e+01
1.455099999999999909e+02
1.160999999999999943e+01
1.263199999999999932e+02
8.553000000000000114e+01
1.680699999999999932e+02
2.228799999999999955e+02
1.615900000000000034e+02
5.857000000000000028e+01
2.487999999999999901e+01
8.346999999999999886e+01
3.431700000000000159e+02
2.614000000000000057e+01
3.521200000000000045e+02
1.313400000000000034e+02
2.816800000000000068e+02
6.275999999999999801e+01
2.735000000000000142e+01
2.524600000000000080e+02
4.519700000000000273e+02
3.827599999999999909e+02
1.263400000000000034e+02
3.011000000000000227e+02
3.252400000000000091e+02
3.139800000000000182e+02
2.273000000000000114e+02
2.025500000000000114e+02
2.129099999999999966e+02
2.128400000000000034e+02
2.321500000000000057e+02
3.717400000000000091e+02
1.889799999999999898e+02
3.632200000000000273e+02
5.656000000000000227e+01
8.087000000000000455e+01
2.724700000000000273e+02
2.035500000000000114e+02
3.409100000000000250e+02
3.032300000000000182e+02
4.018399999999999750e+02
3.121899999999999977e+02
4.206899999999999977e+02
3.426100000000000136e+02
2.630500000000000114e+02
1.389799999999999898e+02
3.924499999999999886e+02
4.806600000000000250e+02
4.118899999999999864e+02
2.338499999999999943e+02
1.533199999999999932e+02
2.665199999999999818e+02
2.920799999999999841e+02
3.741800000000000068e+02
5.709400000000000546e+02
3.222099999999999795e+02
3.920600000000000023e+02
3.728899999999999864e+02
3.335299999999999727e+02
4.418700000000000045e+02
4.011700000000000159e+02
5.207799999999999727e+02
4.511000000000000227e+02
3.846399999999999864e+02
6.802500000000000000e+02
5.904299999999999500e+02
6.105299999999999727e+02
6.505399999999999636e+02
4.511200000000000045e+02
4.409800000000000182e+02
5.411299999999999955e+02
7.001599999999999682e+02
5.210199999999999818e+02
5.206100000000000136e+02
4.309800000000000182e+02
4.311200000000000045e+02
4.613600000000000136e+02
4.409700000000000273e+02
4.410099999999999909e+02
5.008600000000000136e+02
5.920800000000000409e+02
6.903500000000000227e+02
6.802200000000000273e+02
6.805099999999999909e+02
6.902699999999999818e+02
6.810900000000000318e+02
6.605800000000000409e+02
6.903600000000000136e+02
6.303099999999999454e+02
6.902300000000000182e+02
5.720499999999999545e+02
5.911299999999999955e+02
4.714499999999999886e+02
6.147500000000000000e+02
5.613300000000000409e+02
6.415000000000000000e+02
4.337200000000000273e+02
4.515400000000000205e+02
4.912699999999999818e+02
4.239100000000000250e+02
3.285600000000000023e+02
6.411699999999999591e+02
7.305700000000000500e+02
7.408799999999999955e+02
7.002100000000000364e+02
7.902799999999999727e+02
5.216699999999999591e+02
5.606900000000000546e+02
6.007799999999999727e+02
3.931700000000000159e+02
4.834300000000000068e+02
5.116000000000000227e+02
5.416699999999999591e+02
6.709500000000000455e+02
5.717200000000000273e+02
7.406100000000000136e+02
5.316100000000000136e+02
5.116399999999999864e+02
5.614500000000000455e+02
6.603200000000000500e+02
6.804600000000000364e+02
6.509099999999999682e+02
7.104199999999999591e+02
6.115000000000000000e+02
5.522699999999999818e+02
6.117300000000000182e+02
6.510199999999999818e+02
6.207699999999999818e+02
5.905900000000000318e+02
5.509199999999999591e+02
5.812899999999999636e+02
6.803400000000000318e+02
6.021299999999999955e+02
6.705199999999999818e+02
6.810499999999999545e+02
5.511799999999999500e+02
7.301799999999999500e+02
6.702799999999999727e+02
6.612599999999999909e+02
6.440900000000000318e+02
6.703200000000000500e+02
5.409500000000000455e+02
5.010699999999999932e+02
4.810899999999999750e+02
5.510299999999999727e+02
5.927799999999999727e+02
5.012099999999999795e+02
6.220000000000000000e+02
5.212899999999999636e+02
