2.881999999999999886e+02
3.714100000000000250e+02
8.576000000000000512e+01
2.536200000000000045e+02
1.335699999999999932e+02
3.240899999999999750e+02
3.585000000000000142e+01
7.439000000000000057e+01
5.464999999999999858e+01
4.539999999999999858e+01
2.669000000000000128e+01
4.446999999999999886e+01
2.323499999999999943e+02
7.889000000000000057e+01
3.615199999999999818e+02
9.429000000000000625e+01
1.634699999999999989e+02
3.479999999999999982e+00
5.259000000000000341e+01
2.489000000000000057e+01
1.432700000000000102e+02
1.455500000000000114e+02
5.357000000000000028e+01
4.200000000000000178e+00
6.129999999999999893e+00
6.543000000000000682e+01
4.296000000000000085e+01
8.457999999999999829e+01
1.420600000000000023e+02
9.954000000000000625e+01
5.371999999999999886e+01
8.351999999999999602e+01
3.284000000000000341e+01
3.406000000000000227e+01
1.319999999999999929e+01
4.840999999999999659e+01
2.219799999999999898e+02
3.682000000000000028e+01
1.428499999999999943e+02
4.660000000000000142e+00
4.780000000000000249e+00
6.278999999999999915e+01
3.402000000000000313e+01
4.442000000000000171e+01
3.367000000000000171e+01
1.425000000000000000e+01
1.407000000000000028e+01
6.448999999999999488e+01
4.900000000000000355e+00
1.653000000000000114e+01
1.436999999999999922e+01
3.443999999999999773e+01
5.099999999999999645e+00
1.732999999999999829e+01
2.825000000000000000e+01
1.698000000000000043e+01
2.380000000000000071e+01
6.388000000000000256e+01
3.665999999999999659e+01
2.726000000000000156e+01
6.412000000000000455e+01
2.654399999999999977e+02
9.390000000000000568e+01
6.950000000000000178e+00
1.624099999999999966e+02
7.089999999999999858e+00
2.667000000000000171e+01
5.259999999999999787e+00
1.055000000000000071e+01
1.506000000000000050e+01
4.267000000000000171e+01
1.368000000000000114e+02
6.556000000000000227e+01
3.357999999999999829e+01
3.089999999999999858e+00
2.387000000000000099e+01
1.266999999999999993e+01
6.285000000000000142e+01
1.296000000000000085e+01
3.436999999999999744e+01
1.405000000000000071e+01
5.393999999999999773e+01
2.326999999999999957e+01
3.459999999999999964e+00
1.399000000000000021e+01
1.392999999999999972e+01
5.404999999999999716e+01
3.261999999999999744e+01
5.500000000000000000e+01
4.200000000000000178e+00
1.146800000000000068e+02
4.990000000000000213e+00
6.169999999999999929e+00
3.496999999999999886e+01
4.456000000000000227e+01
1.261999999999999922e+01
3.649999999999999911e+00
7.610000000000000320e+00
3.700000000000000178e+00
9.340999999999999659e+01
2.448999999999999844e+01
2.810000000000000053e+00
9.451999999999999602e+01
1.526999999999999886e+02
2.426000000000000156e+01
4.809999999999999609e+00
7.473000000000000398e+01
8.268999999999999773e+01
3.367000000000000171e+01
7.403000000000000114e+01
5.739000000000000057e+01
8.445000000000000284e+01
6.769999999999999574e+00
7.360999999999999943e+01
9.534000000000000341e+01
6.388000000000000256e+01
1.328700000000000045e+02
2.233999999999999986e+01
7.309999999999999432e+01
2.273000000000000043e+01
9.173999999999999488e+01
1.127800000000000011e+02
2.394999999999999929e+01
1.520300000000000011e+02
3.209000000000000341e+01
1.125199999999999960e+02
1.400999999999999979e+01
6.386999999999999744e+01
4.463000000000000256e+01
9.226999999999999602e+01
5.182000000000000028e+01
8.712999999999999545e+01
5.438000000000000256e+01
8.769999999999999574e+00
3.356000000000000227e+01
4.860000000000000320e+00
2.935999999999999943e+01
1.433000000000000007e+01
4.546000000000000085e+01
4.049999999999999822e+00
3.060000000000000053e+00
2.414000000000000057e+01
1.092999999999999972e+02
1.533999999999999986e+01
4.110000000000000320e+00
1.450000000000000000e+01
4.660000000000000142e+00
1.259999999999999964e+01
2.269000000000000128e+01
1.421000000000000085e+01
2.360999999999999943e+01
2.294999999999999929e+01
3.069999999999999840e+00
3.350000000000000089e+00
4.790000000000000036e+00
3.669999999999999929e+00
3.317999999999999972e+01
4.327000000000000313e+01
6.206000000000000227e+01
3.979999999999999982e+00
2.255000000000000071e+01
5.599999999999999645e+00
6.515999999999999659e+01
2.432999999999999829e+01
3.357000000000000028e+01
4.502000000000000313e+01
6.525000000000000000e+01
8.568000000000000682e+01
8.414000000000000057e+01
3.495000000000000284e+01
2.451999999999999957e+01
5.306000000000000227e+01
3.578999999999999915e+01
2.410999999999999943e+01
3.432999999999999829e+01
9.375000000000000000e+01
2.842999999999999972e+01
2.435000000000000142e+01
2.417000000000000171e+01
5.703999999999999915e+01
6.417000000000000171e+01
3.535000000000000142e+01
1.629499999999999886e+02
1.721599999999999966e+02
4.252000000000000313e+01
1.147699999999999960e+02
1.030300000000000011e+02
8.400000000000000000e+01
8.456999999999999318e+01
9.351999999999999602e+01
2.028000000000000114e+01
2.460999999999999943e+01
7.490999999999999659e+01
1.760999999999999943e+01
1.348199999999999932e+02
1.341999999999999993e+01
3.559000000000000341e+01
2.222700000000000102e+02
2.303999999999999915e+01
2.417999999999999972e+01
9.385999999999999943e+01
3.206000000000000227e+01
2.207000000000000028e+01
2.285999999999999943e+01
4.346000000000000085e+01
1.358999999999999986e+01
6.292999999999999972e+01
8.312999999999999545e+01
6.304999999999999716e+01
2.348000000000000043e+01
7.275000000000000000e+01
2.257999999999999829e+01
3.157999999999999829e+01
2.278999999999999915e+01
4.274000000000000199e+01
1.188000000000000078e+01
2.520000000000000018e+00
4.396000000000000085e+01
6.395000000000000284e+01
5.375999999999999801e+01
1.323000000000000043e+01
1.450999999999999979e+01
2.410999999999999943e+01
3.339999999999999858e+01
5.320000000000000284e+01
5.299000000000000199e+01
5.386999999999999744e+01
9.615999999999999659e+01
1.245600000000000023e+02
6.321000000000000085e+01
5.307999999999999829e+01
8.273000000000000398e+01
1.226400000000000006e+02
1.035300000000000011e+02
2.417000000000000171e+01
1.383000000000000007e+01
1.848000000000000114e+02
4.149000000000000199e+01
9.654000000000000625e+01
4.929999999999999716e+00
2.301000000000000156e+01
6.480000000000000426e+00
5.310999999999999943e+01
2.330999999999999872e+01
3.850000000000000089e+00
3.209999999999999964e+00
2.348000000000000043e+01
1.819799999999999898e+02
1.335800000000000125e+02
4.329999999999999716e+01
9.323000000000000398e+01
1.414000000000000057e+01
3.295000000000000284e+01
3.328999999999999915e+01
3.759999999999999787e+00
1.621899999999999977e+02
5.725999999999999801e+01
3.354999999999999716e+01
3.140000000000000124e+00
5.375999999999999801e+01
1.244999999999999929e+01
3.202000000000000313e+01
6.459000000000000341e+01
2.160000000000000142e+00
2.370000000000000107e+00
1.283000000000000007e+01
2.569999999999999840e+00
1.402999999999999936e+01
2.312999999999999901e+01
1.322000000000000064e+01
1.321800000000000068e+02
2.314999999999999858e+01
2.357000000000000028e+01
2.332000000000000028e+01
1.351999999999999957e+01
2.480999999999999872e+01
2.455999999999999872e+01
3.334000000000000341e+01
1.484999999999999964e+01
4.406000000000000227e+01
1.040999999999999943e+02
4.511999999999999744e+01
8.471999999999999886e+01
5.482999999999999829e+01
1.255499999999999972e+02
9.467000000000000171e+01
1.189800000000000040e+02
1.133400000000000034e+02
7.332999999999999829e+01
1.132399999999999949e+02
7.848000000000000398e+01
5.239999999999999858e+01
3.660999999999999943e+01
1.803999999999999915e+01
6.335999999999999943e+01
5.442999999999999972e+01
9.215999999999999659e+01
1.328999999999999915e+01
7.215000000000000568e+01
2.535999999999999943e+01
8.473999999999999488e+01
3.403000000000000114e+01
1.425000000000000000e+01
8.400000000000000000e+01
7.712999999999999545e+01
1.728300000000000125e+02
5.835000000000000142e+01
3.352000000000000313e+01
2.328000000000000114e+01
4.235999999999999943e+01
3.430000000000000160e+00
3.350000000000000089e+00
4.300999999999999801e+01
2.417999999999999972e+01
4.414999999999999858e+01
1.531999999999999886e+02
6.403000000000000114e+01
3.479999999999999716e+01
3.321999999999999886e+01
8.212000000000000455e+01
6.278000000000000114e+01
2.009999999999999787e+00
1.260999999999999943e+01
1.417999999999999972e+01
2.589999999999999858e+00
1.310999999999999943e+01
3.292999999999999972e+01
4.321000000000000085e+01
2.380000000000000071e+01
1.393999999999999950e+01
3.270000000000000284e+01
5.335000000000000142e+01
4.232999999999999829e+01
8.189000000000000057e+01
1.210999999999999943e+01
3.220000000000000284e+01
1.227399999999999949e+02
6.259000000000000341e+01
3.228000000000000114e+01
7.226999999999999602e+01
3.210000000000000142e+01
3.009999999999999787e+00
5.245000000000000284e+01
4.240000000000000213e+00
4.385000000000000142e+01
2.189999999999999947e+00
2.259999999999999787e+00
2.399999999999999911e+00
1.327999999999999936e+01
2.729999999999999982e+00
3.080000000000000071e+00
2.303000000000000114e+01
3.428999999999999915e+01
1.264000000000000057e+01
3.166000000000000014e+01
2.640000000000000124e+00
1.273000000000000043e+01
3.198999999999999844e+01
1.293999999999999950e+01
2.228000000000000114e+01
4.264999999999999858e+01
1.257000000000000028e+01
2.740000000000000213e+00
1.269999999999999929e+01
2.221999999999999886e+01
7.260999999999999943e+01
5.260999999999999943e+01
1.292999999999999972e+01
3.370000000000000107e+00
4.099999999999999645e+00
2.459999999999999964e+00
2.310000000000000053e+00
2.810000000000000053e+00
2.500000000000000000e+00
1.812999999999999901e+01
4.870000000000000107e+00
3.585999999999999943e+01
6.303000000000000114e+01
1.556000000000000050e+01
4.280000000000000249e+00
4.277000000000000313e+01
9.275000000000000000e+01
3.392999999999999972e+01
1.220000000000000000e+02
2.459999999999999964e+00
2.919999999999999929e+00
2.367999999999999972e+01
1.357000000000000028e+01
1.269999999999999929e+01
1.358999999999999986e+01
1.467999999999999972e+01
3.839999999999999858e+00
2.317999999999999972e+01
4.379999999999999893e+00
1.275000000000000000e+01
1.022099999999999937e+02
1.232399999999999949e+02
1.129099999999999966e+02
8.395000000000000284e+01
4.549999999999999822e+00
1.721100000000000136e+02
9.328000000000000114e+01
2.532000000000000028e+01
7.579999999999999716e+01
2.357000000000000028e+01
1.411999999999999922e+01
3.325999999999999801e+01
6.196999999999999886e+01
3.350999999999999801e+01
4.271999999999999886e+01
4.525000000000000000e+01
4.346999999999999886e+01
4.500999999999999801e+01
9.400000000000000355e+00
3.210000000000000142e+01
5.189000000000000057e+01
2.203000000000000114e+01
6.200000000000000000e+01
1.301999999999999957e+01
3.363000000000000256e+01
6.229999999999999716e+01
4.293999999999999773e+01
7.276999999999999602e+01
4.507999999999999829e+01
3.289999999999999858e+01
5.299000000000000199e+01
2.330000000000000071e+01
3.295000000000000284e+01
2.237000000000000099e+01
2.287000000000000099e+01
2.437000000000000099e+01
1.438400000000000034e+02
6.379999999999999716e+01
1.227300000000000040e+02
4.980000000000000426e+00
5.057999999999999829e+01
7.389000000000000057e+01
7.456000000000000227e+01
3.899999999999999911e+00
2.939999999999999947e+00
1.175999999999999979e+01
2.221999999999999886e+01
1.433999999999999986e+01
3.439999999999999858e+01
3.700000000000000178e+00
3.324000000000000199e+01
3.270000000000000018e+00
3.560000000000000053e+00
1.317999999999999972e+01
2.269000000000000128e+01
3.200000000000000178e+00
3.263000000000000256e+01
2.316000000000000014e+01
2.312999999999999901e+01
1.425000000000000000e+01
1.022500000000000000e+02
3.919999999999999929e+00
4.980000000000000426e+00
8.259999999999999432e+01
6.071000000000000085e+01
2.575000000000000000e+01
3.331000000000000227e+01
9.470999999999999375e+01
4.884000000000000341e+01
2.292999999999999972e+01
3.410000000000000142e+00
4.080000000000000071e+00
1.341500000000000057e+02
8.448000000000000398e+01
7.337999999999999545e+01
7.429000000000000625e+01
5.278000000000000114e+01
1.391000000000000014e+01
5.289000000000000057e+01
1.589000000000000057e+01
1.120300000000000011e+02
4.120000000000000107e+00
5.413000000000000256e+01
4.379999999999999893e+00
6.796999999999999886e+01
6.504999999999999716e+01
1.382100000000000080e+02
2.316800000000000068e+02
2.322199999999999989e+02
2.714499999999999886e+02
5.613000000000000256e+01
1.092999999999999972e+02
9.448999999999999488e+01
6.370000000000000107e+00
1.428300000000000125e+02
1.335300000000000011e+02
3.456000000000000227e+01
8.890000000000000568e+00
2.816000000000000014e+01
4.396999999999999886e+01
1.137199999999999989e+02
8.589999999999999858e+00
2.633600000000000136e+02
6.537999999999999545e+01
6.309999999999999609e+00
