1.129399999999999977e+02
1.015400000000000063e+02
3.622900000000000205e+02
2.086800000000000068e+02
1.635999999999999943e+02
4.531000000000000227e+01
1.630200000000000102e+02
1.677800000000000011e+02
2.034199999999999875e+02
1.731699999999999875e+02
2.138700000000000045e+02
1.234399999999999977e+02
1.643799999999999955e+02
1.132399999999999949e+02
8.464000000000000057e+01
1.232000000000000028e+02
9.501999999999999602e+01
7.442000000000000171e+01
6.846999999999999886e+01
2.419199999999999875e+02
6.517000000000000171e+01
2.439999999999999858e+01
4.114999999999999858e+01
1.099699999999999989e+02
1.478000000000000114e+02
2.327100000000000080e+02
7.229999999999999716e+01
5.585000000000000142e+01
6.806999999999999318e+01
9.592000000000000171e+01
6.429999999999999716e+00
4.424000000000000199e+01
9.387999999999999545e+01
2.236399999999999864e+02
1.851200000000000045e+02
3.647999999999999687e+01
5.565999999999999659e+01
4.545000000000000284e+01
2.587999999999999901e+01
3.520000000000000284e+01
3.260000000000000142e+01
1.248400000000000034e+02
1.741500000000000057e+02
2.307400000000000091e+02
2.147599999999999909e+02
1.840399999999999920e+02
6.000999999999999801e+01
4.504999999999999716e+01
2.267199999999999989e+02
1.200199999999999960e+02
1.258400000000000034e+02
1.145999999999999943e+02
8.289000000000000057e+01
5.268999999999999773e+01
6.295000000000000284e+01
5.371999999999999886e+01
3.375999999999999801e+01
1.384999999999999964e+01
2.950000000000000178e+00
1.141299999999999955e+02
1.545699999999999932e+02
3.546999999999999886e+01
3.496999999999999886e+01
2.301000000000000156e+01
9.503000000000000114e+01
4.357000000000000028e+01
9.253000000000000114e+01
7.599999999999999645e+00
5.257000000000000028e+01
3.520000000000000284e+01
1.589000000000000057e+01
4.450000000000000000e+01
2.125500000000000114e+02
5.128000000000000114e+01
1.944399999999999977e+02
4.685000000000000142e+01
3.429999999999999716e+01
1.119599999999999937e+02
9.367000000000000171e+01
1.517999999999999972e+01
3.711999999999999744e+01
1.870600000000000023e+02
4.489000000000000057e+01
6.243999999999999773e+01
3.379999999999999716e+01
5.490000000000000213e+00
9.387999999999999545e+01
6.428000000000000114e+01
5.477000000000000313e+01
1.346699999999999875e+02
1.049000000000000021e+01
8.230000000000000426e+00
1.948000000000000043e+01
1.042099999999999937e+02
1.067000000000000028e+02
6.531999999999999318e+01
5.435999999999999943e+01
1.035999999999999943e+02
6.784999999999999432e+01
4.665999999999999659e+01
1.416999999999999993e+01
2.269999999999999929e+01
7.903000000000000114e+01
5.186999999999999744e+01
1.148799999999999955e+02
6.526000000000000512e+01
3.756000000000000227e+01
8.369999999999999218e+00
1.437299999999999898e+02
1.894999999999999929e+01
6.099999999999999645e+00
4.542000000000000171e+01
1.760000000000000142e+01
1.750000000000000000e+01
1.178100000000000023e+02
1.489000000000000057e+01
9.398000000000000398e+01
8.910000000000000142e+00
7.412999999999999545e+01
3.375000000000000000e+01
1.527999999999999936e+01
2.278999999999999915e+01
5.478000000000000114e+01
3.640999999999999659e+01
8.640000000000000568e+00
4.632999999999999829e+01
1.383000000000000007e+01
1.156200000000000045e+02
3.854999999999999716e+01
4.767999999999999972e+01
5.496999999999999886e+01
5.660999999999999943e+01
2.242899999999999920e+02
3.567000000000000171e+01
4.700000000000000000e+01
7.042000000000000171e+01
2.639999999999999858e+01
5.702000000000000313e+01
5.561999999999999744e+01
9.196999999999999886e+01
6.282000000000000028e+01
2.400000000000000000e+01
1.455999999999999943e+02
2.507999999999999829e+01
1.691399999999999864e+02
8.582999999999999829e+01
3.131200000000000045e+02
4.411999999999999744e+01
7.428000000000000114e+01
5.870000000000000284e+01
4.718999999999999773e+01
3.572999999999999687e+01
1.035199999999999960e+02
1.747700000000000102e+02
5.571000000000000085e+01
9.657999999999999829e+01
6.639999999999999680e+00
2.417999999999999972e+01
5.513000000000000256e+01
2.465999999999999943e+02
2.371100000000000136e+02
8.651999999999999602e+01
4.488000000000000256e+01
2.801999999999999957e+01
2.519999999999999929e+01
1.714699999999999989e+02
1.532899999999999920e+02
6.442000000000000171e+01
3.890000000000000124e+00
1.043199999999999932e+02
1.039099999999999966e+02
7.599999999999999645e+00
1.532000000000000028e+01
1.368999999999999950e+01
4.489000000000000057e+01
1.039800000000000040e+02
2.825000000000000000e+01
7.519999999999999574e+00
1.094800000000000040e+02
5.639999999999999858e+01
2.008999999999999986e+01
1.245400000000000063e+02
6.598000000000000398e+01
6.820999999999999375e+01
4.849999999999999645e+00
2.882999999999999829e+01
4.510000000000000142e+01
7.690000000000000391e+00
6.200000000000000178e+00
2.410999999999999943e+01
1.480000000000000071e+01
1.549000000000000021e+01
1.596000000000000085e+01
4.427000000000000313e+01
1.755000000000000071e+01
6.507999999999999829e+01
3.750000000000000000e+01
4.472999999999999687e+01
1.463899999999999864e+02
4.596999999999999886e+01
4.599999999999999645e+00
2.458999999999999986e+01
5.209999999999999964e+00
1.769000000000000128e+01
1.052099999999999937e+02
5.554999999999999716e+01
4.614999999999999858e+01
1.458400000000000034e+02
1.067800000000000011e+02
1.373000000000000114e+02
2.075399999999999920e+02
1.587899999999999920e+02
1.739000000000000057e+01
1.250300000000000011e+02
3.167099999999999795e+02
4.807000000000000028e+01
1.231299999999999955e+02
1.986299999999999955e+02
1.950699999999999932e+02
1.351599999999999966e+02
1.151200000000000045e+02
7.356000000000000227e+01
2.771999999999999886e+01
1.546899999999999977e+02
6.667000000000000171e+01
8.735999999999999943e+01
1.245199999999999960e+02
5.528000000000000114e+01
1.776999999999999886e+02
1.639399999999999977e+02
1.264800000000000040e+02
5.117999999999999972e+01
6.038000000000000256e+01
7.995999999999999375e+01
7.684000000000000341e+01
7.750000000000000000e+00
1.406000000000000050e+01
2.158300000000000125e+02
9.459999999999999432e+01
1.703499999999999943e+02
1.070699999999999932e+02
1.305099999999999909e+02
7.831000000000000227e+01
5.610000000000000320e+00
1.840300000000000011e+02
4.450000000000000000e+01
1.298000000000000114e+02
1.499499999999999886e+02
2.109399999999999977e+02
1.052999999999999936e+01
8.234999999999999432e+01
1.481699999999999875e+02
8.890000000000000568e+00
4.707000000000000028e+01
1.055300000000000011e+02
1.264300000000000068e+02
6.479000000000000625e+01
9.312000000000000455e+01
8.371999999999999886e+01
7.439000000000000057e+01
1.346800000000000068e+02
2.070600000000000023e+02
4.859000000000000341e+01
5.646000000000000085e+01
1.146400000000000006e+02
3.339000000000000057e+01
7.650000000000000000e+01
2.742000000000000171e+01
2.505000000000000071e+01
4.622999999999999687e+01
1.172099999999999937e+02
5.525000000000000000e+01
1.496399999999999864e+02
1.782400000000000091e+02
8.859000000000000341e+01
6.670999999999999375e+01
1.255900000000000034e+02
9.509000000000000341e+01
7.610999999999999943e+01
1.279200000000000017e+02
3.486999999999999744e+01
5.459000000000000341e+01
4.852000000000000313e+01
2.512999999999999901e+01
1.255100000000000051e+02
1.061099999999999994e+02
3.764999999999999858e+01
4.507999999999999829e+01
1.936100000000000136e+02
3.286299999999999955e+02
8.548999999999999488e+01
1.643400000000000034e+02
3.178999999999999915e+01
4.771000000000000085e+01
4.520000000000000284e+01
7.928000000000000114e+01
9.356000000000000227e+01
2.232700000000000102e+02
8.293999999999999773e+01
3.416800000000000068e+02
1.000999999999999979e+01
1.259399999999999977e+02
1.545800000000000125e+02
1.749000000000000057e+02
1.872500000000000000e+02
1.097300000000000040e+02
2.437299999999999898e+02
2.537299999999999898e+02
6.743000000000000682e+01
8.582999999999999829e+01
6.775000000000000000e+01
6.695999999999999375e+01
2.524399999999999977e+02
3.404999999999999716e+01
9.090000000000000568e+01
1.651599999999999966e+02
7.842000000000000171e+01
1.951899999999999977e+02
1.080300000000000011e+02
2.452700000000000102e+02
1.291500000000000057e+02
2.382899999999999920e+02
3.008999999999999773e+02
3.541200000000000045e+02
2.083000000000000114e+02
1.678300000000000125e+02
3.063399999999999750e+02
2.468199999999999932e+02
1.272300000000000040e+02
7.184999999999999432e+01
6.840999999999999659e+01
1.978499999999999943e+02
2.234900000000000091e+02
3.447999999999999687e+01
1.832199999999999989e+02
1.638600000000000136e+02
6.718000000000000682e+01
1.042999999999999972e+01
4.286999999999999744e+01
4.734000000000000341e+01
2.027299999999999898e+02
1.288700000000000045e+02
2.042400000000000091e+02
1.485900000000000034e+02
1.022500000000000000e+02
3.571000000000000227e+02
1.728400000000000034e+02
3.194399999999999977e+02
1.663899999999999864e+02
1.177999999999999972e+02
7.193999999999999773e+01
2.358999999999999986e+01
7.790999999999999659e+01
1.059500000000000028e+02
2.916000000000000014e+01
1.406100000000000136e+02
2.026999999999999886e+02
9.734999999999999432e+01
1.051899999999999977e+02
3.970000000000000195e+00
5.467000000000000171e+01
1.553700000000000045e+02
6.407999999999999829e+01
1.347500000000000000e+02
1.121500000000000057e+02
1.724199999999999875e+02
6.451000000000000512e+01
9.851000000000000512e+01
5.414999999999999858e+01
1.002600000000000051e+02
1.247000000000000028e+02
1.080999999999999943e+02
2.032599999999999909e+02
1.444600000000000080e+02
2.084300000000000068e+02
9.193000000000000682e+01
1.678899999999999864e+02
2.253700000000000045e+02
8.668999999999999773e+01
3.702000000000000313e+01
1.944999999999999929e+01
9.543000000000000682e+01
1.194200000000000017e+02
5.639000000000000057e+01
1.072000000000000028e+02
1.225199999999999960e+02
9.643999999999999773e+01
9.051000000000000512e+01
1.324799999999999898e+02
2.838799999999999955e+02
1.993000000000000114e+02
1.150300000000000011e+02
2.785999999999999943e+01
6.440000000000000568e+01
1.989999999999999858e+01
9.890999999999999659e+01
1.142999999999999972e+02
1.844600000000000080e+02
8.518999999999999773e+01
3.714000000000000057e+01
4.796000000000000085e+01
1.716200000000000045e+02
3.453199999999999932e+02
3.143199999999999932e+02
1.964799999999999898e+02
2.569100000000000250e+02
1.670300000000000011e+02
1.711800000000000068e+02
1.451999999999999886e+02
2.346800000000000068e+02
7.529000000000000625e+01
1.074099999999999966e+02
3.032000000000000028e+01
7.859999999999999432e+01
2.751100000000000136e+02
2.082199999999999989e+02
1.728400000000000034e+02
2.069499999999999886e+02
2.076899999999999977e+02
3.347900000000000205e+02
2.098499999999999943e+02
2.999200000000000159e+02
3.491800000000000068e+02
2.072800000000000011e+02
2.223700000000000045e+02
3.517999999999999972e+01
1.393499999999999943e+02
2.080500000000000114e+02
2.725500000000000114e+02
1.849600000000000080e+02
2.476500000000000057e+02
8.125000000000000000e+01
2.062700000000000102e+02
1.263199999999999932e+02
2.642900000000000205e+02
1.301399999999999864e+02
1.177099999999999937e+02
6.242000000000000171e+01
2.109000000000000057e+02
4.317000000000000171e+01
1.536999999999999922e+01
1.387800000000000011e+02
2.174799999999999898e+02
1.249399999999999977e+02
1.500200000000000102e+02
1.665399999999999920e+02
6.429999999999999716e+00
7.770999999999999375e+01
3.032099999999999795e+02
2.941100000000000136e+02
8.484999999999999432e+01
3.046600000000000250e+02
1.162800000000000011e+02
2.366100000000000136e+02
8.512999999999999545e+01
1.957000000000000028e+01
9.617000000000000171e+01
6.707999999999999829e+01
1.406399999999999864e+02
3.742000000000000171e+01
3.596999999999999886e+01
2.835899999999999750e+02
2.763500000000000227e+02
1.670699999999999932e+02
1.091400000000000006e+02
4.327000000000000313e+01
1.175199999999999960e+02
9.495999999999999375e+01
1.461200000000000045e+02
1.841899999999999977e+02
1.361699999999999875e+02
1.045199999999999960e+02
1.726699999999999875e+02
5.481000000000000227e+01
3.457000000000000028e+01
9.296999999999999886e+01
1.141400000000000006e+02
2.046500000000000057e+02
1.934600000000000080e+02
2.442800000000000011e+02
2.035099999999999909e+02
1.648700000000000045e+02
9.465999999999999659e+01
1.393700000000000045e+02
2.236999999999999886e+02
1.940300000000000011e+02
1.077199999999999989e+02
2.324499999999999886e+02
1.760699999999999932e+02
1.381000000000000050e+01
1.928000000000000114e+01
1.246099999999999994e+02
1.393899999999999864e+02
1.485699999999999932e+02
2.347100000000000080e+02
2.238700000000000045e+02
1.744000000000000128e+01
8.109999999999999432e+00
4.629999999999999716e+01
7.551999999999999602e+01
