1.724900000000000091e+02
1.465800000000000125e+02
1.939399999999999977e+02
3.133100000000000023e+02
2.837900000000000205e+02
5.360000000000000320e+00
2.646800000000000068e+02
1.252999999999999972e+02
1.137500000000000000e+02
2.368000000000000114e+02
1.037999999999999972e+02
1.552299999999999898e+02
6.367000000000000171e+01
1.042199999999999989e+02
5.271999999999999886e+01
1.386999999999999922e+01
2.194600000000000080e+02
1.279399999999999977e+02
8.109999999999999432e+00
1.324000000000000021e+01
1.425800000000000125e+02
4.402000000000000313e+01
2.269000000000000128e+01
3.750000000000000000e+00
9.939999999999999503e+00
4.354999999999999716e+01
4.278000000000000114e+01
4.421000000000000085e+01
3.411999999999999744e+01
1.176400000000000006e+02
3.790999999999999659e+01
1.473499999999999943e+02
1.727100000000000080e+02
1.374000000000000021e+01
1.821800000000000068e+02
1.364000000000000057e+01
1.530699999999999932e+02
1.123400000000000034e+02
4.307000000000000028e+01
4.318999999999999773e+01
1.303999999999999915e+01
2.429000000000000057e+02
2.483300000000000125e+02
5.509000000000000341e+01
6.543000000000000682e+01
3.471000000000000085e+01
7.210999999999999943e+01
2.523999999999999844e+01
4.735999999999999943e+01
2.229399999999999977e+02
1.055400000000000063e+02
2.341000000000000014e+01
4.325999999999999801e+01
4.049999999999999822e+00
1.832000000000000028e+01
2.389000000000000057e+01
7.425000000000000000e+01
3.660999999999999943e+01
8.395999999999999375e+01
1.537599999999999909e+02
1.389000000000000057e+01
7.320999999999999375e+01
9.326000000000000512e+01
4.586999999999999744e+01
1.249500000000000028e+02
7.981999999999999318e+01
7.548999999999999488e+01
1.226099999999999994e+02
2.529999999999999805e+00
1.340000000000000036e+01
5.365999999999999659e+01
7.362000000000000455e+01
2.392000000000000171e+01
2.638100000000000023e+02
1.480000000000000071e+01
4.478000000000000114e+01
8.359000000000000341e+01
1.129200000000000017e+02
1.726200000000000045e+02
2.630000000000000071e+01
2.149699999999999989e+02
1.026700000000000017e+02
8.373000000000000398e+01
3.521999999999999886e+01
9.420000000000000284e+01
5.702000000000000313e+01
5.521000000000000085e+01
1.388000000000000078e+01
1.243100000000000023e+02
3.564999999999999858e+01
3.397999999999999687e+01
3.361999999999999744e+01
1.928100000000000023e+02
3.221399999999999864e+02
1.340999999999999943e+02
2.126599999999999966e+02
4.259000000000000341e+01
6.543000000000000682e+01
7.379000000000000625e+01
3.367000000000000171e+01
6.870000000000000107e+00
4.209999999999999964e+00
1.494999999999999929e+01
7.898999999999999488e+01
4.329999999999999716e+01
3.270000000000000018e+00
3.770000000000000018e+00
2.494999999999999929e+01
1.386999999999999922e+01
4.342999999999999972e+01
8.398000000000000398e+01
9.643999999999999773e+01
3.757000000000000028e+01
1.041299999999999955e+02
9.978000000000000114e+01
4.139999999999999680e+00
4.450000000000000178e+00
6.420999999999999375e+01
1.239699999999999989e+02
4.820000000000000284e+00
1.640999999999999943e+02
2.007000000000000028e+01
4.700999999999999801e+01
1.636899999999999977e+02
3.028100000000000023e+02
3.279999999999999805e+00
1.132900000000000063e+02
4.407999999999999829e+01
1.286999999999999922e+01
4.378000000000000114e+01
1.316500000000000057e+02
1.217500000000000000e+02
7.260999999999999943e+01
5.239999999999999858e+01
9.568999999999999773e+01
1.387700000000000102e+02
2.517999999999999972e+01
1.139200000000000017e+02
1.636500000000000057e+02
4.611700000000000159e+02
9.545000000000000284e+01
6.679999999999999716e+01
8.264000000000000057e+01
2.131999999999999886e+02
1.718199999999999932e+02
1.633700000000000045e+02
1.626699999999999875e+02
1.535600000000000023e+02
4.324000000000000199e+01
1.224599999999999937e+02
6.009999999999999787e+00
9.259000000000000341e+01
1.357000000000000028e+01
3.689999999999999947e+00
1.423000000000000043e+01
3.439999999999999947e+00
6.314999999999999858e+01
3.330000000000000071e+00
1.252999999999999936e+01
4.318999999999999773e+01
1.130600000000000023e+02
9.295999999999999375e+01
3.327000000000000313e+01
6.371000000000000085e+01
4.282000000000000028e+01
5.671000000000000085e+01
6.478000000000000114e+01
3.347999999999999687e+01
2.224900000000000091e+02
5.410999999999999943e+01
3.436999999999999744e+01
4.489000000000000057e+01
5.365999999999999659e+01
3.761999999999999744e+01
3.464999999999999858e+01
3.507000000000000028e+01
5.628000000000000114e+01
6.595999999999999375e+01
1.762000000000000099e+01
2.869000000000000128e+01
6.479000000000000625e+01
9.279000000000000625e+01
1.130799999999999983e+02
9.396999999999999886e+01
1.028100000000000023e+02
7.331000000000000227e+01
1.480000000000000071e+01
6.385000000000000142e+01
7.321999999999999886e+01
1.530399999999999920e+02
1.027300000000000040e+02
7.253000000000000114e+01
4.309999999999999609e+00
4.260999999999999943e+01
3.160000000000000142e+00
3.279999999999999805e+00
9.304000000000000625e+01
3.890000000000000124e+00
1.515000000000000036e+01
2.620000000000000107e+00
3.187999999999999901e+01
1.334999999999999964e+01
3.340999999999999659e+01
5.499000000000000199e+01
1.008000000000000007e+01
8.710000000000000853e+00
1.274599999999999937e+02
1.541599999999999966e+02
7.823000000000000398e+01
5.747999999999999687e+01
1.061500000000000057e+02
2.307999999999999829e+01
9.349999999999999645e+00
6.589999999999999858e+00
4.290000000000000036e+00
3.089999999999999858e+00
2.230000000000000071e+01
5.703000000000000114e+01
2.480000000000000071e+01
4.550999999999999801e+01
4.432999999999999829e+01
4.364000000000000057e+01
2.321999999999999886e+01
1.373000000000000043e+01
1.222800000000000011e+02
5.468999999999999773e+01
2.400000000000000000e+01
2.770000000000000018e+00
2.257999999999999829e+01
7.295999999999999375e+01
5.210000000000000142e+01
3.220000000000000284e+01
2.387999999999999901e+01
5.374000000000000199e+01
2.778999999999999915e+01
5.389999999999999858e+01
6.278999999999999915e+01
7.345000000000000284e+01
2.378000000000000114e+01
2.253999999999999915e+01
3.313000000000000256e+01
7.290000000000000568e+01
7.396999999999999886e+01
3.169999999999999929e+00
2.353999999999999915e+01
2.970000000000000195e+00
1.348000000000000043e+01
3.290999999999999659e+01
6.409999999999999432e+01
4.329999999999999716e+01
1.127600000000000051e+02
8.487000000000000455e+01
5.432999999999999829e+01
5.267000000000000171e+01
2.260999999999999943e+01
5.040000000000000036e+00
5.289000000000000057e+01
3.289999999999999858e+01
4.452000000000000313e+01
1.338000000000000078e+01
6.354999999999999716e+01
5.030000000000000249e+00
1.469999999999999929e+01
4.500000000000000000e+00
8.580000000000000071e+00
1.524000000000000021e+01
4.524000000000000199e+01
1.530000000000000071e+01
2.979999999999999982e+00
1.346000000000000085e+01
2.330000000000000071e+01
3.029999999999999805e+00
5.849999999999999645e+00
2.198000000000000043e+01
1.297000000000000064e+01
2.373000000000000043e+01
2.517000000000000171e+01
3.535999999999999943e+01
1.283999999999999986e+01
3.300999999999999801e+01
4.849999999999999645e+00
1.333000000000000007e+01
4.169999999999999929e+00
4.299999999999999822e+00
2.382999999999999829e+01
1.334999999999999964e+01
6.315999999999999659e+01
7.334000000000000341e+01
4.492000000000000171e+01
1.400999999999999979e+01
5.870000000000000107e+00
4.839999999999999858e+00
4.139999999999999680e+00
1.230000000000000071e+01
3.260999999999999943e+01
4.275999999999999801e+01
2.348999999999999844e+01
4.250000000000000000e+01
4.272999999999999687e+01
3.386999999999999744e+01
3.252000000000000313e+01
2.289000000000000057e+01
3.620000000000000107e+00
1.510999999999999943e+01
2.310000000000000142e+01
9.271999999999999886e+01
4.242999999999999972e+01
2.342999999999999972e+01
5.438000000000000256e+01
1.550000000000000000e+01
3.439999999999999947e+00
2.430000000000000160e+00
6.559000000000000341e+01
1.224200000000000017e+02
1.423000000000000043e+01
6.418999999999999773e+01
1.309999999999999964e+01
5.490000000000000213e+00
2.790000000000000036e+00
2.335999999999999943e+01
1.352999999999999936e+01
3.330000000000000071e+00
2.437999999999999901e+01
5.769999999999999574e+00
3.550000000000000000e+01
1.350000000000000000e+01
2.551000000000000156e+01
4.049999999999999822e+00
4.009999999999999787e+00
2.919999999999999929e+00
6.267999999999999972e+01
5.303999999999999915e+01
2.426000000000000156e+01
2.287999999999999901e+01
1.274000000000000021e+01
2.450000000000000178e+00
3.859999999999999876e+00
3.439999999999999947e+00
3.443999999999999773e+01
1.340000000000000036e+01
7.339999999999999858e+00
4.307000000000000028e+01
1.248000000000000043e+01
3.609999999999999876e+00
2.839999999999999858e+00
1.327999999999999936e+01
3.399000000000000199e+01
1.559999999999999964e+01
3.109999999999999876e+00
4.650000000000000355e+00
2.264000000000000057e+01
2.740000000000000213e+00
1.866000000000000014e+01
7.940000000000000391e+00
7.219999999999999751e+00
5.219999999999999751e+00
3.418999999999999773e+01
9.234000000000000341e+01
2.339499999999999886e+02
5.568999999999999773e+01
6.934000000000000341e+01
1.236800000000000068e+02
9.323999999999999488e+01
9.431999999999999318e+01
1.050799999999999983e+02
5.339999999999999858e+00
1.356000000000000050e+01
9.387000000000000455e+01
3.221999999999999886e+01
5.030000000000000249e+00
1.300999999999999979e+01
1.410999999999999943e+01
2.426000000000000156e+01
4.232000000000000028e+01
3.470000000000000195e+00
2.621000000000000085e+01
3.520000000000000018e+00
5.275000000000000000e+01
3.250000000000000000e+01
3.629999999999999893e+00
2.979999999999999982e+00
1.273000000000000043e+01
3.359999999999999876e+00
3.285000000000000142e+01
5.297999999999999687e+01
1.282000000000000028e+01
5.192000000000000171e+01
1.326699999999999875e+02
1.435999999999999943e+02
3.379999999999999716e+01
2.282000000000000028e+01
4.264000000000000057e+01
3.271000000000000085e+01
4.310000000000000142e+01
3.289999999999999858e+01
4.335000000000000142e+01
1.949999999999999956e+00
1.401999999999999957e+01
4.790000000000000036e+00
1.391000000000000014e+01
6.651000000000000512e+01
3.342999999999999972e+01
9.487000000000000455e+01
4.390999999999999659e+01
1.349000000000000021e+01
2.260999999999999943e+01
2.299999999999999822e+00
5.181000000000000227e+01
5.307000000000000028e+01
9.289000000000000057e+01
4.110000000000000320e+00
1.498000000000000043e+01
4.263000000000000256e+01
9.403000000000000114e+01
1.274000000000000021e+01
1.486999999999999922e+01
3.407999999999999829e+01
3.919999999999999929e+00
4.599999999999999645e+00
4.929999999999999716e+00
6.310000000000000142e+01
1.341699999999999875e+02
1.140999999999999943e+02
1.529000000000000057e+02
1.429399999999999977e+02
2.408999999999999986e+01
2.289000000000000057e+01
9.831999999999999318e+01
1.617999999999999972e+01
3.363000000000000256e+01
5.385999999999999943e+01
1.265000000000000036e+01
2.996999999999999886e+01
3.264999999999999858e+01
1.061099999999999994e+02
5.257000000000000028e+01
2.470000000000000195e+00
3.439999999999999947e+00
3.750000000000000000e+00
1.378999999999999915e+01
1.635300000000000011e+02
2.242000000000000171e+01
2.280000000000000071e+01
5.332000000000000028e+01
3.979999999999999982e+00
3.000000000000000000e+00
3.669999999999999929e+00
2.759999999999999787e+00
3.180000000000000160e+00
1.321000000000000085e+01
2.979999999999999982e+00
1.333999999999999986e+01
3.810000000000000053e+00
2.346000000000000085e+01
6.462000000000000455e+01
1.535999999999999943e+01
5.209999999999999964e+00
2.382000000000000028e+01
1.460999999999999943e+01
3.371999999999999886e+01
6.332000000000000028e+01
1.148100000000000023e+02
8.443999999999999773e+01
5.731000000000000227e+01
8.596999999999999886e+01
3.310000000000000053e+00
3.303999999999999915e+01
1.393999999999999950e+01
3.399999999999999911e+00
4.225000000000000000e+01
2.294999999999999929e+01
6.261999999999999744e+01
4.274000000000000199e+01
9.468999999999999773e+01
5.572999999999999687e+01
3.286999999999999744e+01
4.436999999999999744e+01
4.525000000000000000e+01
7.323000000000000398e+01
4.425999999999999801e+01
1.358000000000000007e+01
1.417999999999999972e+01
3.060000000000000053e+00
6.354999999999999716e+01
8.320999999999999375e+01
1.022000000000000028e+02
3.399000000000000199e+01
2.344000000000000128e+01
5.346000000000000085e+01
6.573000000000000398e+01
2.517000000000000171e+01
1.131800000000000068e+02
1.371000000000000085e+01
1.325999999999999979e+01
1.021899999999999977e+02
2.332999999999999829e+01
2.930000000000000160e+00
9.200000000000000000e+01
3.729999999999999982e+00
3.120000000000000107e+00
