6.126799999999999500e+02
7.808600000000000136e+02
5.061100000000000136e+02
6.604900000000000091e+02
6.908600000000000136e+02
3.887599999999999909e+02
7.411399999999999864e+02
7.402000000000000455e+02
6.307599999999999909e+02
6.604099999999999682e+02
5.420199999999999818e+02
5.181599999999999682e+02
5.043000000000000114e+02
4.432900000000000205e+02
6.026900000000000546e+02
6.410900000000000318e+02
5.641499999999999773e+02
5.046600000000000250e+02
7.302999999999999545e+02
4.908700000000000045e+02
5.221699999999999591e+02
1.032800000000000011e+02
2.676299999999999955e+02
4.324499999999999886e+02
2.685600000000000023e+02
2.643700000000000045e+02
3.508299999999999841e+02
3.460299999999999727e+02
2.423300000000000125e+02
4.812200000000000273e+02
3.653700000000000045e+02
1.638000000000000114e+02
2.394799999999999898e+02
2.522800000000000011e+02
4.429499999999999886e+02
5.061000000000000227e+02
4.338199999999999932e+02
4.151899999999999977e+02
4.144499999999999886e+02
1.861500000000000057e+02
8.740000000000000568e+01
1.742599999999999909e+02
4.357999999999999829e+01
2.528899999999999864e+02
2.548799999999999955e+02
4.310400000000000205e+02
4.115299999999999727e+02
1.338300000000000125e+02
2.165699999999999932e+02
3.610500000000000114e+02
3.222300000000000182e+02
2.049000000000000057e+02
1.644300000000000068e+02
1.882899999999999920e+02
3.143299999999999841e+02
3.919800000000000182e+02
2.344199999999999875e+02
3.925400000000000205e+02
2.042800000000000011e+02
2.825400000000000205e+02
2.527400000000000091e+02
2.839200000000000159e+02
2.035200000000000102e+02
3.518299999999999841e+02
2.730500000000000114e+02
4.805000000000000000e+02
3.508399999999999750e+02
4.120799999999999841e+02
3.718700000000000045e+02
2.623700000000000045e+02
2.727799999999999727e+02
2.633700000000000045e+02
2.434399999999999977e+02
2.352100000000000080e+02
2.621999999999999886e+02
2.580699999999999932e+02
1.932500000000000000e+02
2.435500000000000114e+02
3.454300000000000068e+02
3.021100000000000136e+02
3.049200000000000159e+02
1.756100000000000136e+02
3.334200000000000159e+02
3.313999999999999773e+02
3.726499999999999773e+02
4.205799999999999841e+02
2.429900000000000091e+02
1.731800000000000068e+02
3.606899999999999977e+02
4.004800000000000182e+02
2.630699999999999932e+02
2.341999999999999886e+02
3.127900000000000205e+02
3.227300000000000182e+02
3.528999999999999773e+02
3.123600000000000136e+02
3.409900000000000091e+02
3.118299999999999841e+02
3.506499999999999773e+02
2.746000000000000227e+02
3.822799999999999727e+02
3.316399999999999864e+02
4.202599999999999909e+02
4.603000000000000114e+02
2.524499999999999886e+02
3.010299999999999727e+02
4.005500000000000114e+02
2.332800000000000011e+02
2.230300000000000011e+02
3.916800000000000068e+02
4.117500000000000000e+02
4.418500000000000227e+02
3.122400000000000091e+02
3.820299999999999727e+02
3.410899999999999750e+02
3.341100000000000136e+02
4.216600000000000250e+02
2.906700000000000159e+02
2.016100000000000136e+02
2.612699999999999818e+02
3.131100000000000136e+02
3.507400000000000091e+02
3.105400000000000205e+02
4.403899999999999864e+02
2.929700000000000273e+02
2.737799999999999727e+02
4.421299999999999955e+02
3.313899999999999864e+02
3.442599999999999909e+02
4.520899999999999750e+02
3.442500000000000000e+02
3.016000000000000227e+02
3.312699999999999818e+02
4.220699999999999932e+02
2.862599999999999909e+02
3.711499999999999773e+02
2.769700000000000273e+02
3.022099999999999795e+02
3.618399999999999750e+02
3.310199999999999818e+02
4.113700000000000045e+02
2.941299999999999955e+02
2.045600000000000023e+02
3.326000000000000227e+02
4.120899999999999750e+02
4.304800000000000182e+02
4.709399999999999977e+02
3.330799999999999841e+02
4.406999999999999886e+02
3.123500000000000227e+02
3.518999999999999773e+02
3.930500000000000114e+02
3.414700000000000273e+02
2.916899999999999977e+02
2.615699999999999932e+02
2.831399999999999864e+02
2.745600000000000023e+02
3.821800000000000068e+02
3.723000000000000114e+02
2.843299999999999841e+02
3.449100000000000250e+02
3.735199999999999818e+02
4.424399999999999977e+02
3.830400000000000205e+02
3.510299999999999727e+02
3.421399999999999864e+02
2.226500000000000057e+02
3.210899999999999750e+02
2.754900000000000091e+02
2.939599999999999795e+02
3.118600000000000136e+02
2.221599999999999966e+02
2.322100000000000080e+02
2.736700000000000159e+02
2.424699999999999989e+02
2.824800000000000182e+02
2.208100000000000023e+02
3.220099999999999909e+02
3.413100000000000023e+02
3.908399999999999750e+02
3.716899999999999977e+02
2.906499999999999773e+02
4.013500000000000227e+02
3.024300000000000068e+02
3.628700000000000045e+02
3.223700000000000045e+02
2.928799999999999955e+02
3.333500000000000227e+02
3.018799999999999955e+02
3.516299999999999955e+02
3.134200000000000159e+02
2.910799999999999841e+02
3.425099999999999909e+02
2.940799999999999841e+02
3.933700000000000045e+02
3.603100000000000023e+02
3.113799999999999955e+02
2.681999999999999886e+02
2.636499999999999773e+02
4.146299999999999955e+02
3.423399999999999750e+02
3.726600000000000250e+02
3.312099999999999795e+02
4.605199999999999818e+02
3.553299999999999841e+02
3.917699999999999818e+02
4.104800000000000182e+02
4.802599999999999909e+02
5.905499999999999545e+02
3.032300000000000182e+02
4.814900000000000091e+02
3.742900000000000205e+02
3.621200000000000045e+02
4.234800000000000182e+02
3.341600000000000250e+02
4.022500000000000000e+02
4.030799999999999841e+02
3.019700000000000273e+02
2.212400000000000091e+02
3.414900000000000091e+02
2.634300000000000068e+02
3.535799999999999841e+02
3.922200000000000273e+02
3.815500000000000114e+02
2.829499999999999886e+02
3.818799999999999955e+02
3.365699999999999932e+02
2.923799999999999955e+02
2.538300000000000125e+02
3.432699999999999818e+02
3.218199999999999932e+02
3.835299999999999727e+02
3.725500000000000114e+02
3.834100000000000250e+02
3.820099999999999909e+02
4.343399999999999750e+02
3.647799999999999727e+02
4.313000000000000114e+02
3.338299999999999841e+02
4.726499999999999773e+02
4.204700000000000273e+02
5.310399999999999636e+02
4.008899999999999864e+02
3.730299999999999727e+02
3.823199999999999932e+02
4.424399999999999977e+02
3.918799999999999955e+02
3.244300000000000068e+02
4.209900000000000091e+02
4.825099999999999909e+02
3.823899999999999864e+02
3.819300000000000068e+02
3.654700000000000273e+02
3.215099999999999909e+02
2.925600000000000023e+02
2.939499999999999886e+02
3.537799999999999727e+02
3.412799999999999727e+02
3.925600000000000023e+02
4.245699999999999932e+02
3.919100000000000250e+02
4.017900000000000205e+02
3.328199999999999932e+02
4.111100000000000136e+02
3.235500000000000114e+02
4.206999999999999886e+02
4.123899999999999864e+02
4.217599999999999909e+02
4.135400000000000205e+02
3.910000000000000000e+02
4.426399999999999864e+02
4.038000000000000114e+02
3.344499999999999886e+02
3.812500000000000000e+02
3.641700000000000159e+02
3.014200000000000159e+02
3.514100000000000250e+02
4.016899999999999977e+02
4.238299999999999841e+02
2.939100000000000250e+02
4.704100000000000250e+02
4.116899999999999977e+02
3.820299999999999727e+02
2.828500000000000227e+02
3.219599999999999795e+02
3.714900000000000091e+02
2.814599999999999795e+02
3.623100000000000023e+02
3.028500000000000227e+02
5.327699999999999818e+02
4.405099999999999909e+02
4.332099999999999795e+02
4.305799999999999841e+02
4.013299999999999841e+02
4.703600000000000136e+02
3.612500000000000000e+02
3.908299999999999841e+02
3.819499999999999886e+02
3.717200000000000273e+02
2.812599999999999909e+02
4.312099999999999795e+02
3.022799999999999727e+02
3.717099999999999795e+02
3.138700000000000045e+02
3.145000000000000000e+02
3.524200000000000159e+02
4.326899999999999977e+02
3.236100000000000136e+02
3.115500000000000114e+02
3.524100000000000250e+02
4.839700000000000273e+02
4.713700000000000045e+02
4.603299999999999841e+02
3.323799999999999955e+02
2.125000000000000000e+02
3.742500000000000000e+02
4.305600000000000023e+02
3.513500000000000227e+02
3.917400000000000091e+02
3.730500000000000114e+02
4.318299999999999841e+02
3.631999999999999886e+02
4.313399999999999750e+02
3.714499999999999886e+02
4.137200000000000273e+02
3.121499999999999773e+02
3.730299999999999727e+02
3.941200000000000045e+02
3.021299999999999955e+02
2.905799999999999841e+02
3.617500000000000000e+02
3.306499999999999773e+02
3.704100000000000250e+02
3.709200000000000159e+02
4.205400000000000205e+02
3.901999999999999886e+02
4.619300000000000068e+02
3.616299999999999955e+02
3.726999999999999886e+02
3.623100000000000023e+02
3.512400000000000091e+02
3.823600000000000136e+02
4.027500000000000000e+02
3.603700000000000045e+02
3.817900000000000205e+02
4.605199999999999818e+02
3.117099999999999795e+02
3.409300000000000068e+02
3.406200000000000045e+02
4.506299999999999955e+02
3.608600000000000136e+02
3.105400000000000205e+02
3.605699999999999932e+02
3.116800000000000068e+02
2.610699999999999932e+02
2.715699999999999932e+02
3.122500000000000000e+02
3.620799999999999841e+02
4.050699999999999932e+02
3.333299999999999841e+02
4.509700000000000273e+02
3.311299999999999955e+02
4.105199999999999818e+02
3.621600000000000250e+02
3.615500000000000114e+02
4.007699999999999818e+02
3.907599999999999909e+02
3.607300000000000182e+02
3.311800000000000068e+02
3.116499999999999773e+02
3.109100000000000250e+02
3.417599999999999909e+02
3.331100000000000136e+02
3.313299999999999841e+02
3.803999999999999773e+02
3.709900000000000091e+02
3.309399999999999977e+02
3.511100000000000136e+02
3.507300000000000182e+02
3.412500000000000000e+02
3.816499999999999773e+02
4.214499999999999886e+02
4.121700000000000159e+02
3.917900000000000205e+02
3.220099999999999909e+02
3.418700000000000045e+02
3.535799999999999841e+02
4.106200000000000045e+02
3.701399999999999864e+02
3.511000000000000227e+02
3.309399999999999977e+02
3.818700000000000045e+02
5.317000000000000455e+02
4.414399999999999977e+02
5.314400000000000546e+02
4.202799999999999727e+02
4.505699999999999932e+02
5.003000000000000114e+02
4.701000000000000227e+02
4.303000000000000114e+02
4.802200000000000273e+02
4.102699999999999818e+02
5.001700000000000159e+02
4.018299999999999841e+02
4.534900000000000091e+02
3.506299999999999955e+02
3.528299999999999841e+02
3.413100000000000023e+02
4.406800000000000068e+02
4.516299999999999955e+02
4.321999999999999886e+02
4.411899999999999977e+02
2.941299999999999955e+02
4.337799999999999727e+02
4.231700000000000159e+02
4.425899999999999750e+02
3.118000000000000114e+02
2.914200000000000159e+02
4.206299999999999955e+02
4.713500000000000227e+02
3.909499999999999886e+02
3.918799999999999955e+02
2.605799999999999841e+02
4.007400000000000091e+02
4.332900000000000205e+02
4.515000000000000000e+02
4.027099999999999795e+02
4.514700000000000273e+02
3.803600000000000136e+02
4.307099999999999795e+02
3.717699999999999818e+02
3.907900000000000205e+02
3.714300000000000068e+02
4.143700000000000045e+02
4.529100000000000250e+02
3.416499999999999773e+02
5.106600000000000250e+02
3.723000000000000114e+02
3.902699999999999818e+02
4.714700000000000273e+02
4.005199999999999818e+02
4.013899999999999864e+02
3.940600000000000023e+02
3.911899999999999977e+02
3.726399999999999864e+02
4.026100000000000136e+02
3.607799999999999727e+02
4.229300000000000068e+02
3.409599999999999795e+02
3.811200000000000045e+02
3.319100000000000250e+02
3.716000000000000227e+02
3.804599999999999795e+02
3.318399999999999750e+02
3.719499999999999886e+02
3.911299999999999955e+02
4.305600000000000023e+02
3.911100000000000136e+02
3.613600000000000136e+02
4.501800000000000068e+02
4.009300000000000068e+02
4.306800000000000068e+02
4.103299999999999841e+02
4.703100000000000023e+02
4.105500000000000114e+02
4.406399999999999864e+02
3.712900000000000205e+02
4.017500000000000000e+02
3.812300000000000182e+02
3.416899999999999977e+02
5.010000000000000000e+02
4.405799999999999841e+02
4.204399999999999977e+02
5.209800000000000182e+02
5.106200000000000045e+02
4.911100000000000136e+02
4.804599999999999795e+02
5.019100000000000250e+02
3.807200000000000273e+02
2.910000000000000000e+02
3.805299999999999727e+02
3.906800000000000068e+02
4.010400000000000205e+02
3.606399999999999864e+02
3.614700000000000273e+02
3.909100000000000250e+02
4.310099999999999909e+02
4.711600000000000250e+02
3.411999999999999886e+02
3.605299999999999727e+02
3.405299999999999727e+02
3.320400000000000205e+02
4.023700000000000045e+02
3.906399999999999864e+02
4.410000000000000000e+02
3.309599999999999795e+02
2.640000000000000000e+02
3.726999999999999886e+02
3.437900000000000205e+02
3.523000000000000114e+02
