3.017000000000000171e+01
2.892799999999999727e+02
1.670000000000000000e+02
2.035300000000000011e+02
6.995999999999999375e+01
1.678000000000000114e+01
2.969000000000000128e+01
1.140999999999999943e+02
3.646499999999999773e+02
7.265999999999999659e+01
9.062999999999999545e+01
3.271000000000000085e+01
9.412000000000000455e+01
1.541200000000000045e+02
1.350000000000000000e+01
2.798399999999999750e+02
7.323999999999999488e+01
1.163499999999999943e+02
8.479999999999999716e+01
5.614000000000000057e+01
6.307000000000000028e+01
6.367999999999999972e+01
1.555800000000000125e+02
7.492000000000000171e+01
9.207999999999999829e+01
5.580000000000000071e+00
7.404999999999999716e+01
3.470000000000000284e+01
2.480000000000000071e+01
6.980000000000000426e+00
1.081400000000000006e+02
8.332999999999999829e+01
3.990000000000000213e+00
1.467999999999999972e+01
4.309999999999999609e+00
1.275100000000000051e+02
1.441800000000000068e+02
9.379000000000000625e+01
4.799999999999999822e+00
4.652000000000000313e+01
1.053400000000000034e+02
7.459999999999999432e+01
9.389000000000000057e+01
4.292000000000000171e+01
4.910000000000000142e+00
1.780000000000000071e+01
7.740000000000000568e+01
5.490999999999999659e+01
5.463000000000000256e+01
5.769999999999999574e+00
3.490000000000000213e+00
1.246099999999999994e+02
2.528000000000000114e+01
3.381000000000000227e+01
4.309999999999999609e+00
3.511999999999999744e+01
7.612999999999999545e+01
4.660999999999999943e+01
1.430900000000000034e+02
4.696000000000000085e+01
4.221999999999999886e+01
6.780000000000000249e+00
1.392999999999999972e+01
3.292000000000000171e+01
7.434999999999999432e+01
5.388000000000000256e+01
1.533000000000000007e+01
2.541599999999999966e+02
9.651000000000000512e+01
1.144399999999999977e+02
5.070000000000000284e+00
4.580000000000000071e+00
5.790000000000000036e+00
8.750000000000000000e+00
7.269999999999999574e+00
6.392000000000000171e+01
3.542000000000000171e+01
4.511999999999999744e+01
5.835999999999999943e+01
3.850999999999999801e+01
7.948000000000000398e+01
1.058799999999999955e+02
6.321999999999999886e+01
9.368999999999999773e+01
8.292000000000000171e+01
7.525000000000000000e+01
1.940800000000000125e+02
3.064999999999999858e+01
3.836999999999999744e+01
1.584699999999999989e+02
2.164300000000000068e+02
2.377500000000000000e+02
1.522599999999999909e+02
8.137000000000000455e+01
9.182999999999999829e+01
2.607000000000000028e+01
2.723999999999999844e+01
2.425999999999999943e+02
2.361500000000000057e+02
9.637999999999999545e+01
2.298600000000000136e+02
1.249399999999999977e+02
2.421999999999999886e+01
1.767199999999999989e+02
1.620300000000000011e+02
3.410000000000000142e+01
5.489999999999999858e+01
2.408999999999999986e+01
7.731999999999999318e+01
6.948000000000000398e+01
1.321999999999999886e+02
3.653999999999999915e+01
4.306000000000000227e+01
1.106800000000000068e+02
5.700000000000000178e+00
1.021599999999999966e+02
6.820000000000000284e+00
1.157399999999999949e+02
5.046000000000000085e+01
1.324699999999999989e+02
2.046999999999999886e+02
2.451500000000000057e+02
9.489000000000000057e+01
1.233299999999999983e+02
1.265900000000000034e+02
1.569999999999999929e+01
9.789000000000000057e+01
5.578000000000000114e+01
2.231399999999999864e+02
3.096000000000000085e+01
1.463899999999999864e+02
2.159699999999999989e+02
8.554999999999999716e+01
5.618999999999999773e+01
3.517999999999999972e+01
1.870099999999999909e+02
1.405900000000000034e+02
9.439000000000000057e+01
3.849000000000000199e+01
2.254600000000000080e+02
1.931599999999999966e+02
4.686999999999999744e+01
1.093799999999999955e+02
1.364300000000000068e+02
8.498999999999999488e+01
2.541500000000000057e+02
1.955300000000000011e+02
6.620999999999999375e+01
1.141800000000000068e+02
1.155300000000000011e+02
1.779199999999999875e+02
1.060699999999999932e+02
1.343899999999999864e+02
9.417000000000000171e+01
1.871999999999999886e+02
8.604999999999999716e+01
1.752800000000000011e+02
8.934999999999999432e+01
1.730000000000000071e+01
5.550000000000000000e+01
9.460000000000000853e+00
1.832400000000000091e+02
7.506999999999999318e+01
6.404000000000000625e+01
1.842700000000000102e+02
1.743799999999999955e+02
1.023499999999999943e+02
8.093999999999999773e+01
1.007399999999999949e+02
4.703000000000000114e+01
1.434099999999999966e+02
7.668000000000000682e+01
1.647299999999999898e+02
4.184000000000000341e+01
2.851800000000000068e+02
9.640000000000000568e+00
1.537800000000000011e+02
1.649199999999999875e+02
3.489999999999999858e+01
5.634000000000000341e+01
1.133299999999999983e+02
7.484000000000000341e+01
9.868999999999999773e+01
3.659000000000000341e+01
1.092000000000000028e+02
5.888000000000000256e+01
1.591999999999999993e+01
2.708999999999999986e+01
1.142000000000000028e+02
4.789999999999999858e+01
1.647199999999999989e+02
1.036400000000000006e+02
1.492199999999999989e+02
1.450999999999999979e+01
1.451500000000000057e+02
1.025400000000000063e+02
1.549699999999999989e+02
9.664000000000000057e+01
1.187800000000000011e+02
2.364000000000000057e+01
3.307999999999999829e+01
3.446999999999999886e+01
1.419999999999999929e+01
2.117500000000000000e+02
5.349000000000000199e+01
5.390999999999999659e+01
2.357000000000000028e+01
6.809999999999999432e+01
1.244300000000000068e+02
6.790000000000000568e+01
2.426000000000000156e+01
5.596999999999999886e+01
9.500000000000000000e+00
1.742800000000000011e+02
4.990999999999999659e+01
7.498000000000000398e+01
8.346999999999999886e+01
8.854000000000000625e+01
1.868700000000000045e+02
2.524199999999999875e+02
7.481999999999999318e+01
2.005000000000000071e+01
3.714999999999999858e+01
1.128999999999999915e+01
1.022999999999999972e+02
2.394000000000000128e+01
8.365999999999999659e+01
3.803000000000000114e+01
8.543000000000000682e+01
2.118199999999999932e+02
7.404999999999999716e+01
7.462999999999999545e+01
1.152399999999999949e+02
1.251299999999999955e+02
2.330099999999999909e+02
2.576999999999999957e+01
1.298400000000000034e+02
6.540000000000000036e+00
4.800999999999999801e+01
1.230499999999999972e+02
6.435999999999999943e+01
1.071400000000000006e+02
5.863000000000000256e+01
8.454999999999999716e+01
4.575999999999999801e+01
7.604000000000000625e+01
1.440300000000000011e+02
7.714000000000000057e+01
6.556000000000000227e+01
1.026599999999999966e+02
1.888400000000000034e+02
1.803100000000000023e+02
3.245000000000000000e+02
2.085999999999999943e+01
2.042400000000000091e+02
2.044399999999999977e+02
1.541999999999999886e+02
1.196099999999999994e+02
1.547299999999999898e+02
5.574000000000000199e+01
2.035000000000000142e+01
3.656000000000000227e+01
1.249000000000000021e+01
2.910000000000000142e+00
2.389999999999999858e+01
4.461999999999999744e+01
2.025000000000000000e+02
5.314000000000000057e+01
3.761999999999999744e+01
1.236599999999999966e+02
1.103199999999999932e+02
1.331800000000000068e+02
5.357000000000000028e+01
8.623999999999999488e+01
5.496000000000000085e+01
4.809999999999999609e+00
1.137099999999999937e+02
1.553600000000000136e+02
5.481000000000000227e+01
1.546500000000000057e+02
1.333499999999999943e+02
2.331100000000000136e+02
1.623899999999999864e+02
2.139699999999999989e+02
2.926499999999999773e+02
7.492000000000000171e+01
8.401000000000000512e+01
1.150199999999999960e+02
1.391999999999999993e+01
6.604999999999999716e+01
8.269999999999999574e+00
1.522700000000000102e+02
7.440999999999999659e+01
7.606000000000000227e+01
2.134399999999999977e+02
1.068299999999999983e+02
1.550600000000000023e+02
8.860999999999999943e+01
1.947899999999999920e+02
1.466899999999999977e+02
1.120699999999999932e+02
1.722100000000000080e+02
8.204000000000000625e+01
1.518600000000000136e+02
9.506000000000000227e+01
5.264000000000000057e+01
1.511999999999999922e+01
6.606000000000000227e+01
9.579000000000000625e+01
8.748000000000000398e+01
7.484999999999999432e+01
1.297400000000000091e+02
2.423999999999999844e+01
3.418999999999999773e+01
2.027299999999999898e+02
7.398999999999999488e+01
1.742800000000000011e+02
1.420300000000000011e+02
1.872899999999999920e+02
8.478000000000000114e+01
8.129999999999999716e+01
1.057600000000000051e+02
5.460999999999999943e+01
9.328000000000000114e+01
4.367000000000000171e+01
6.487999999999999545e+01
5.420000000000000284e+01
6.060000000000000142e+01
2.635999999999999943e+01
1.461299999999999955e+02
7.498000000000000398e+01
9.784999999999999432e+01
1.340200000000000102e+02
6.778000000000000114e+01
1.941000000000000014e+01
1.508999999999999986e+01
7.687000000000000455e+01
1.445800000000000125e+02
1.263199999999999932e+02
2.048000000000000043e+01
1.782000000000000028e+01
9.803000000000000114e+01
7.282999999999999829e+01
4.114000000000000057e+01
1.269699999999999989e+02
1.085000000000000000e+02
1.079500000000000028e+02
3.632000000000000028e+01
9.579999999999999716e+01
7.679999999999999716e+00
2.534199999999999875e+02
1.245799999999999983e+02
1.508799999999999955e+02
5.364999999999999858e+01
1.778999999999999915e+01
1.144000000000000057e+02
6.862000000000000455e+01
1.001099999999999994e+02
3.754999999999999716e+01
7.470999999999999375e+01
6.490999999999999659e+01
3.560999999999999943e+01
3.782000000000000028e+01
3.692999999999999972e+01
9.393000000000000682e+01
1.242300000000000040e+02
8.564000000000000057e+01
1.628000000000000114e+01
3.524000000000000199e+01
3.490999999999999659e+01
1.140900000000000034e+02
2.526500000000000057e+02
4.871000000000000085e+01
8.687999999999999545e+01
8.412000000000000455e+01
2.467999999999999972e+01
7.325000000000000000e+01
8.517000000000000171e+01
1.429600000000000080e+02
2.339399999999999977e+02
2.433499999999999943e+02
1.127699999999999960e+02
1.624000000000000057e+02
1.048900000000000006e+02
1.146299999999999955e+02
4.125000000000000000e+01
2.405000000000000071e+01
5.980000000000000426e+00
8.099999999999999645e+00
4.474000000000000199e+01
2.382999999999999829e+01
7.596999999999999886e+01
7.595999999999999375e+01
3.482000000000000028e+01
1.399000000000000021e+01
4.389999999999999680e+00
4.809999999999999609e+00
1.850399999999999920e+02
1.694000000000000128e+01
1.867000000000000171e+01
2.251699999999999875e+02
2.451999999999999957e+01
1.035199999999999960e+02
1.331500000000000057e+02
9.432999999999999829e+01
1.181500000000000057e+02
2.705999999999999872e+01
2.444000000000000128e+01
1.465300000000000011e+02
2.335999999999999943e+02
1.064000000000000057e+02
1.286399999999999864e+02
1.525800000000000125e+02
7.895999999999999375e+01
1.525099999999999909e+02
2.335000000000000000e+02
1.945399999999999920e+02
1.824699999999999989e+02
5.457000000000000028e+01
9.545000000000000284e+01
1.746699999999999875e+02
2.231800000000000068e+02
1.119699999999999989e+02
6.307000000000000028e+01
1.029300000000000068e+02
1.032699999999999960e+02
4.503000000000000114e+01
1.136200000000000045e+02
7.454000000000000625e+01
3.521000000000000085e+01
2.344000000000000128e+01
5.169999999999999929e+00
4.530000000000000249e+00
2.530000000000000071e+01
5.120000000000000107e+00
3.385000000000000142e+01
3.435999999999999943e+01
4.370000000000000107e+00
8.529999999999999361e+00
6.543999999999999773e+01
6.512000000000000455e+01
6.238000000000000256e+01
5.256000000000000227e+01
9.356000000000000227e+01
1.058900000000000006e+02
5.327000000000000313e+01
8.445000000000000284e+01
1.255600000000000023e+02
7.334000000000000341e+01
6.426000000000000512e+01
1.330399999999999920e+02
1.040699999999999932e+02
1.137999999999999972e+02
3.356000000000000227e+01
1.435999999999999943e+01
3.307999999999999829e+01
5.432999999999999829e+01
8.287000000000000455e+01
6.246000000000000085e+01
7.323999999999999488e+01
4.378999999999999915e+01
8.281999999999999318e+01
5.421000000000000085e+01
2.385000000000000142e+01
1.138499999999999943e+02
6.384000000000000341e+01
1.156299999999999955e+02
8.601000000000000512e+01
3.600999999999999801e+01
8.326000000000000512e+01
7.568999999999999773e+01
5.554999999999999716e+01
6.620000000000000107e+00
1.231200000000000045e+02
1.128700000000000045e+02
1.434300000000000068e+02
1.638100000000000023e+02
2.017000000000000171e+01
1.719099999999999966e+02
1.647899999999999920e+02
6.634000000000000341e+01
8.643999999999999773e+01
1.235900000000000034e+02
1.637999999999999901e+01
5.509999999999999787e+00
3.496999999999999886e+01
4.067999999999999972e+01
3.393999999999999773e+01
4.528000000000000114e+01
2.234799999999999898e+02
7.335999999999999943e+01
1.442100000000000080e+02
4.404999999999999716e+01
1.234899999999999949e+02
3.518199999999999932e+02
2.050200000000000102e+02
7.631000000000000227e+01
7.420999999999999375e+01
5.353999999999999915e+01
3.403000000000000114e+01
