1.419499999999999886e+02
1.533499999999999943e+02
2.287899999999999920e+02
5.915499999999999545e+02
5.741900000000000546e+02
5.229400000000000546e+02
5.047500000000000000e+02
2.671999999999999886e+02
2.546899999999999977e+02
1.413100000000000023e+02
5.505199999999999818e+02
6.007799999999999727e+02
1.452899999999999920e+02
3.437900000000000205e+02
2.840600000000000023e+02
1.841299999999999955e+02
2.218799999999999955e+02
4.025699999999999932e+02
1.963499999999999943e+02
6.684999999999999432e+01
1.873100000000000023e+02
1.634399999999999977e+02
8.385999999999999943e+01
1.646500000000000057e+02
1.448100000000000023e+02
1.247000000000000028e+02
1.034800000000000040e+02
7.687000000000000455e+01
6.418999999999999773e+01
1.438100000000000023e+02
2.026100000000000136e+02
1.769300000000000068e+02
5.271000000000000085e+01
2.423300000000000125e+02
1.031400000000000006e+02
1.127199999999999989e+02
2.214600000000000080e+02
4.240000000000000213e+00
1.420999999999999943e+02
4.417999999999999972e+01
1.057500000000000000e+02
1.156299999999999955e+02
1.036400000000000006e+02
4.449000000000000199e+01
1.692000000000000171e+01
3.720000000000000195e+00
1.447000000000000064e+01
7.345000000000000284e+01
2.376999999999999957e+01
9.259000000000000341e+01
1.021299999999999955e+02
1.231200000000000045e+02
1.033799999999999955e+02
1.129000000000000057e+02
2.218799999999999955e+02
1.775500000000000114e+02
1.243900000000000006e+02
8.473000000000000398e+01
6.190999999999999659e+01
8.229999999999999716e+01
1.127999999999999972e+02
2.320300000000000011e+02
2.525900000000000034e+02
1.817299999999999898e+02
1.015999999999999943e+02
4.282000000000000028e+01
1.319499999999999886e+02
9.162000000000000455e+01
9.229999999999999716e+01
9.185999999999999943e+01
1.267399999999999949e+02
7.721999999999999886e+01
2.315099999999999909e+02
1.519699999999999989e+02
1.812599999999999909e+02
9.670000000000000284e+01
2.113199999999999932e+02
7.204000000000000625e+01
3.393999999999999773e+01
6.236999999999999744e+01
1.040999999999999943e+02
4.300000000000000000e+01
1.229899999999999949e+02
1.466800000000000068e+02
1.924099999999999966e+02
1.632400000000000091e+02
2.331200000000000045e+02
2.149699999999999989e+02
1.332299999999999898e+02
5.513000000000000256e+01
1.427700000000000102e+02
7.484000000000000341e+01
4.867000000000000171e+01
1.139099999999999966e+02
1.715900000000000034e+02
1.821699999999999875e+02
1.424900000000000091e+02
2.229799999999999898e+02
1.534000000000000057e+02
1.329399999999999977e+02
8.268999999999999773e+01
2.826399999999999864e+02
2.921399999999999864e+02
1.824799999999999898e+02
8.456000000000000227e+01
1.328499999999999943e+02
4.359000000000000341e+01
1.226700000000000017e+02
1.754000000000000057e+02
9.703000000000000114e+01
1.032000000000000028e+02
1.944699999999999989e+02
8.770999999999999375e+01
9.690999999999999659e+01
2.155500000000000114e+02
7.293000000000000682e+01
1.359199999999999875e+02
1.434199999999999875e+02
1.827800000000000011e+02
1.325000000000000000e+02
1.966100000000000136e+02
1.127900000000000063e+02
1.122399999999999949e+02
2.749100000000000250e+02
2.963899999999999864e+02
2.425900000000000034e+02
1.221299999999999955e+02
4.627000000000000313e+01
1.265300000000000011e+02
1.926599999999999966e+02
2.730299999999999727e+02
2.808999999999999773e+02
3.930000000000000160e+00
2.839999999999999858e+00
2.310000000000000142e+01
1.192999999999999972e+01
2.255000000000000071e+01
1.242099999999999937e+02
6.363000000000000256e+01
9.315999999999999659e+01
2.211500000000000057e+02
7.243999999999999773e+01
1.234300000000000068e+02
1.933400000000000034e+02
7.454999999999999716e+01
9.406999999999999318e+01
1.154000000000000057e+02
2.123899999999999864e+02
2.620400000000000205e+02
9.245999999999999375e+01
1.664799999999999898e+02
1.187199999999999989e+02
1.334199999999999875e+02
2.616700000000000159e+02
1.419499999999999886e+02
2.115099999999999909e+02
6.404999999999999716e+01
4.767000000000000171e+01
2.343300000000000125e+02
1.424000000000000057e+02
5.224000000000000199e+01
1.522299999999999898e+02
7.337000000000000455e+01
1.013599999999999994e+02
2.024900000000000091e+02
2.016599999999999966e+02
2.034000000000000057e+02
2.833999999999999773e+02
9.468999999999999773e+01
2.280000000000000071e+01
4.267000000000000171e+01
3.309000000000000341e+01
7.257999999999999829e+01
5.854999999999999716e+01
2.453400000000000034e+02
6.743000000000000682e+01
1.161500000000000057e+02
1.236700000000000017e+02
6.231000000000000227e+01
8.217000000000000171e+01
5.325999999999999801e+01
1.330600000000000023e+02
1.349300000000000068e+02
1.549699999999999989e+02
1.424699999999999989e+02
5.289000000000000057e+01
1.720399999999999920e+02
3.418999999999999773e+01
8.251000000000000512e+01
1.644399999999999977e+02
9.423999999999999488e+01
2.519099999999999966e+02
8.189000000000000057e+01
8.375000000000000000e+01
9.420000000000000284e+01
7.470000000000000284e+01
9.431999999999999318e+01
1.536599999999999966e+02
1.224000000000000057e+02
6.375999999999999801e+01
3.707999999999999829e+01
1.034800000000000040e+02
7.318999999999999773e+01
1.240799999999999983e+02
1.347100000000000080e+02
1.529799999999999898e+02
3.517200000000000273e+02
3.157200000000000273e+02
2.223400000000000034e+02
2.228400000000000034e+02
2.928500000000000227e+02
2.111800000000000068e+02
2.619900000000000091e+02
1.035600000000000023e+02
8.201000000000000512e+01
2.119300000000000068e+02
1.425200000000000102e+02
2.811999999999999886e+02
1.418100000000000023e+02
1.049800000000000040e+02
6.192000000000000171e+01
1.423199999999999932e+02
2.630000000000000000e+02
2.909700000000000273e+02
2.823299999999999841e+02
1.554600000000000080e+02
3.115699999999999932e+02
3.617699999999999818e+02
2.150099999999999909e+02
2.828999999999999773e+02
3.915799999999999841e+02
2.544399999999999977e+02
3.807799999999999727e+02
4.409200000000000159e+02
3.721299999999999955e+02
2.828999999999999773e+02
2.714800000000000182e+02
2.546999999999999886e+02
3.043999999999999773e+02
1.322700000000000102e+02
2.167599999999999909e+02
2.823999999999999773e+02
3.146100000000000136e+02
2.611000000000000227e+02
4.371999999999999886e+01
6.286999999999999744e+01
2.832999999999999829e+01
2.919499999999999886e+02
1.181299999999999955e+02
1.912100000000000080e+02
5.346999999999999886e+01
1.715800000000000125e+02
6.377000000000000313e+01
1.963600000000000136e+02
2.729200000000000159e+02
2.721999999999999886e+02
2.391399999999999864e+02
1.921500000000000057e+02
1.689600000000000080e+02
6.300000000000000000e+01
1.653999999999999915e+01
3.489999999999999858e+01
7.390000000000000568e+01
1.027999999999999972e+02
1.435800000000000125e+02
8.409999999999999432e+01
7.298000000000000398e+01
8.485999999999999943e+01
1.938300000000000125e+02
3.721499999999999773e+02
3.314499999999999886e+02
4.410199999999999818e+02
3.317599999999999909e+02
2.717699999999999818e+02
2.841200000000000045e+02
1.725500000000000114e+02
1.720000000000000000e+02
3.030199999999999818e+02
3.311700000000000159e+02
3.711100000000000136e+02
3.307900000000000205e+02
3.017599999999999909e+02
9.250000000000000000e+01
9.504000000000000625e+01
1.256899999999999977e+02
4.314700000000000273e+02
3.118999999999999773e+02
2.532299999999999898e+02
2.224000000000000057e+02
4.736999999999999744e+01
1.955099999999999909e+02
2.223899999999999864e+02
2.966000000000000227e+02
2.421399999999999864e+02
3.921999999999999886e+02
1.528400000000000034e+02
1.735300000000000011e+02
2.282599999999999909e+02
3.406999999999999886e+02
3.236299999999999955e+02
2.421599999999999966e+02
2.443300000000000125e+02
3.132900000000000205e+02
1.675300000000000011e+02
2.089000000000000057e+02
1.068100000000000023e+02
1.334600000000000080e+02
1.483100000000000023e+02
2.437500000000000000e+02
2.128899999999999864e+02
2.212999999999999901e+01
2.039499999999999886e+02
2.317899999999999920e+02
2.350800000000000125e+02
2.415600000000000023e+02
1.820900000000000034e+02
2.127100000000000080e+02
2.175300000000000011e+02
1.816899999999999977e+02
1.039699999999999989e+02
2.126699999999999875e+02
1.713499999999999943e+02
1.633499999999999943e+02
2.422899999999999920e+02
1.426599999999999966e+02
2.815099999999999909e+02
3.511999999999999886e+02
1.729900000000000091e+02
1.627299999999999898e+02
3.021600000000000250e+02
4.112900000000000205e+02
3.112900000000000205e+02
2.510999999999999943e+02
2.621200000000000045e+02
9.265999999999999659e+01
1.620000000000000000e+02
2.321100000000000136e+02
1.929699999999999989e+02
3.911800000000000068e+02
2.710099999999999909e+02
2.218499999999999943e+02
2.617900000000000205e+02
2.323799999999999955e+02
3.616000000000000227e+02
3.708000000000000114e+02
1.931999999999999886e+02
2.316299999999999955e+02
3.140000000000000000e+02
2.926899999999999977e+02
2.821899999999999977e+02
1.993000000000000114e+02
2.517100000000000080e+02
2.410600000000000023e+02
3.029900000000000091e+02
3.333999999999999773e+02
3.421499999999999773e+02
2.213899999999999864e+02
2.025099999999999909e+02
1.919300000000000068e+02
2.818700000000000045e+02
3.809200000000000159e+02
2.738600000000000136e+02
2.717099999999999795e+02
2.810099999999999909e+02
3.111399999999999864e+02
3.111299999999999955e+02
2.817699999999999818e+02
2.411100000000000136e+02
2.522700000000000102e+02
2.109799999999999898e+02
1.936899999999999977e+02
2.816499999999999773e+02
2.118199999999999932e+02
2.340900000000000034e+02
2.026100000000000136e+02
3.017200000000000273e+02
2.652699999999999818e+02
3.312799999999999727e+02
3.712400000000000091e+02
2.615500000000000114e+02
3.513799999999999955e+02
2.252800000000000011e+02
2.835600000000000023e+02
3.808100000000000023e+02
3.527500000000000000e+02
3.623299999999999841e+02
2.516100000000000136e+02
2.530000000000000000e+02
1.727500000000000000e+02
1.920500000000000114e+02
2.510000000000000000e+02
2.619399999999999977e+02
3.424100000000000250e+02
2.912699999999999818e+02
2.272100000000000080e+02
2.458499999999999943e+02
3.287599999999999909e+02
2.230300000000000011e+02
2.245099999999999909e+02
1.731399999999999864e+02
1.051899999999999977e+02
1.729199999999999875e+02
1.243299999999999983e+02
3.417900000000000205e+02
2.336100000000000136e+02
3.106299999999999955e+02
2.510900000000000034e+02
4.203000000000000114e+02
1.751100000000000136e+02
8.259999999999999432e+01
1.019699999999999989e+02
6.701000000000000512e+01
9.301000000000000512e+01
2.518600000000000136e+02
1.922199999999999989e+02
1.846500000000000057e+02
1.736100000000000136e+02
2.131100000000000136e+02
2.723799999999999955e+02
3.329700000000000273e+02
2.629700000000000273e+02
2.631899999999999977e+02
1.559600000000000080e+02
2.938899999999999864e+02
2.362400000000000091e+02
3.125099999999999909e+02
2.531299999999999955e+02
3.321499999999999773e+02
4.036299999999999955e+02
3.121499999999999773e+02
3.126700000000000159e+02
2.422899999999999920e+02
1.036899999999999977e+02
1.317700000000000102e+02
1.242399999999999949e+02
1.286800000000000068e+02
2.925600000000000023e+02
5.019100000000000250e+02
4.922099999999999795e+02
4.517799999999999727e+02
2.329499999999999886e+02
2.032299999999999898e+02
1.139800000000000040e+02
3.317900000000000205e+02
3.214900000000000091e+02
2.828999999999999773e+02
2.713299999999999841e+02
4.418199999999999932e+02
2.815299999999999727e+02
3.028500000000000227e+02
2.327100000000000080e+02
3.213000000000000114e+02
4.310699999999999932e+02
4.309100000000000250e+02
4.212699999999999818e+02
1.815399999999999920e+02
2.227400000000000091e+02
2.538400000000000034e+02
2.737599999999999909e+02
1.698000000000000114e+02
2.724300000000000068e+02
1.763400000000000034e+02
1.641699999999999875e+02
4.408500000000000227e+02
2.713899999999999864e+02
3.224700000000000273e+02
2.526399999999999864e+02
1.925399999999999920e+02
1.357500000000000000e+02
2.525699999999999932e+02
3.471999999999999886e+01
1.435300000000000011e+02
6.412000000000000455e+01
1.850900000000000034e+02
3.619100000000000250e+02
3.808799999999999955e+02
2.915099999999999909e+02
3.421999999999999886e+02
3.903500000000000227e+02
3.033600000000000136e+02
2.326299999999999955e+02
3.509499999999999886e+02
4.305299999999999727e+02
3.230600000000000023e+02
2.940899999999999750e+02
2.049000000000000057e+02
1.653799999999999955e+02
2.732200000000000273e+02
2.353300000000000125e+02
1.844600000000000080e+02
2.431899999999999977e+02
2.655799999999999841e+02
1.636899999999999977e+02
1.135699999999999932e+02
1.234500000000000028e+02
2.152100000000000080e+02
1.256299999999999955e+02
1.645999999999999943e+02
2.132599999999999909e+02
1.855399999999999920e+02
